2      9  0.0087152  1 0.017573  18.147 0.002111 **
2      8  0.0020499  1 0.00035536  1.3868 0.2728
2     13  0.0082101  1 0.0006097  0.9654 0.3438
2     13  0.0026508  1 0.023369   114.6 8.115e-08 ***
2     12  0.0021490  1 0.00049365  2.7566 0.1227
2     13  0.0054948  1 0.00016923  0.4004 0.5379
2     14  0.0054590  1 8.2405e-05  0.2113 0.6528
2     13  0.0048378  1 0.00010392  0.2792 0.6061
2     13  0.0039922  1 2.4639e-05  0.0802 0.7814
2     12   0.012303  1 0.0054793  5.3443 0.03935 *
2     13  0.0058377  1 0.00030371  0.6763 0.4257
2     13   0.013543  1 0.0076712  7.3635 0.01773 *
2     13  0.0095686  1 0.0030142  4.0951 0.06407 .
2     12   0.013216  1 1.9409e-05  0.0176 0.8966
2     13  0.0058705  1 0.00019106  0.4231 0.5267
2     11  0.0094003  1 0.00080965  0.9474 0.3513
2     13  0.0026600  1 0.00014161  0.6921 0.4205
2     13  0.0058705  1 0.012611  27.925 0.0001478 ***
2     12  0.0046191  1 0.0046797  12.157 0.00449 **
2     12   0.005089  1 0.0023109  5.4492 0.03777 *
2     13  0.0066488  1 0.001923    3.76 0.07451 .
2     12  0.0025318  1 0.0012283  5.8216 0.03274 *
2     13  0.0066488  1 0.001923    3.76 0.07451 .
2     13  0.0091642  1 0.0044949  6.3763 0.02536 *
2     13   0.014157  1 0.00091001  0.8356 0.3773
2     13   0.010326  1 0.0018711  2.3556 0.1488
2     12  0.0064129  1 0.0022995  4.3028 0.06023 .
2     13  0.0042430  1 0.00081338  2.4921 0.1384
2     14   0.012265  1 0.00066216  0.7558 0.3993
2     13   0.010280  1 0.0014826  1.8749 0.1941
2     14   0.012265  1 0.00066216  0.7558 0.3993
2     12   0.025436  1 4.2672e-05  0.0201 0.8895
2     12   0.016592  1 0.0065171  4.7135 0.0507 .
2     10   0.016292  1 0.00132  0.8102 0.3892
2     11  0.0025286  1 0.0026181  11.389 0.0062 **
2     12  0.0043183  1 3.8823e-06  0.0108  0.919
2     11  0.0063187  1 0.0033438  5.8212 0.03445 *
2     12  0.0051499  1 0.011307  26.348 0.0002479 ***
2     13   0.012909  1 0.0073434   7.395 0.01753 *
2     13   0.009425  1 0.024173   33.34 6.446e-05 ***
2     13  0.0072164  1 0.00047914  0.8631 0.3698
2     12  0.0099829  1 6.2475e-05  0.0751 0.7887
2     13  0.0016809  1 6.1189e-07  0.0047 0.9462
2     13  0.0057867  1 0.00011528   0.259 0.6193
2     40    0.27045  1 0.02841   4.202 0.04697 *
2     35    0.13980  1 0.001372  0.3435 0.5616
2     18  0.0069143  1 9.9036e-05  0.2578 0.6178
2     18   0.020572  1 0.020872  18.263 0.0004572 ***
