2      9  0.0087152  1 0.017573  18.147 0.002111 **
2     13  0.0026508  1 0.023369   114.6 8.115e-08 ***
2     12   0.012303  1 0.0054793  5.3443 0.03935 *
2     13   0.013543  1 0.0076712  7.3635 0.01773 *
2     13  0.0058705  1 0.012611  27.925 0.0001478 ***
2     12  0.0046191  1 0.0046797  12.157 0.00449 **
2     12   0.005089  1 0.0023109  5.4492 0.03777 *
2     12  0.0025318  1 0.0012283  5.8216 0.03274 *
2     13  0.0091642  1 0.0044949  6.3763 0.02536 *
2     11  0.0025286  1 0.0026181  11.389 0.0062 **
2     11  0.0063187  1 0.0033438  5.8212 0.03445 *
2     12  0.0051499  1 0.011307  26.348 0.0002479 ***
2     13   0.012909  1 0.0073434   7.395 0.01753 *
2     13   0.009425  1 0.024173   33.34 6.446e-05 ***
2     40    0.27045  1 0.02841   4.202 0.04697 *
2     18   0.020572  1 0.020872  18.263 0.0004572 ***
