4.603854999999999753e-02
7.301926999999999723e-02
1.115632000000000013e-01
1.925053999999999932e-01
2.426123999999999781e-01
3.466809000000000140e-01
4.411135000000000472e-01
5.066380999999999801e-01
7.147751999999999439e-01
8.130621000000000098e-01
8.535331999999999919e-01
8.901498999999999384e-01
8.997859000000000274e-01
9.460385000000000044e-01
9.961455999999999644e-01
3.062099000000000071e-02
5.952890999999999738e-02
9.614561000000000635e-02
1.732333999999999818e-01
2.310492999999999852e-01
3.370449999999999835e-01
4.565310999999999675e-01
5.683083999999999358e-01
6.588864999999999306e-01
8.053533000000000497e-01
8.766594999999999249e-01
9.171306999999998544e-01
9.633833000000000535e-01
4.411135000000000056e-02
1.038543999999999856e-01
1.443255000000000232e-01
3.158458000000000099e-01
4.507494999999999696e-01
5.528908000000000156e-01
6.685225000000000195e-01
7.957174000000000191e-01
8.689506999999999648e-01
9.132763000000000408e-01
9.094219000000001163e-01
9.730191999999998620e-01
9.710921000000000136e-01
7.301926999999999723e-02
1.115632000000000013e-01
1.578157999999999783e-01
3.023554999999999993e-01
4.141327999999999676e-01
5.278373000000000648e-01
6.087793999999999706e-01
7.494646999999999837e-01
8.554603999999998987e-01
8.381155999999998496e-01
9.113491000000000231e-01
9.576017000000000001e-01
9.441113999999999340e-01
9.421841999999999717e-02
1.501071000000000211e-01
1.963597000000000259e-01
2.869379000000000235e-01
3.871520999999999990e-01
4.661669999999999980e-01
5.875803000000000553e-01
6.955031999999998771e-01
7.571733999999999964e-01
7.995718000000000547e-01
9.229121999999999604e-01
9.248393999999999782e-01
3.640257000000000215e-02
4.603854999999999753e-02
9.229121999999999326e-02
1.520342999999999833e-01
2.137045000000000194e-01
2.657387999999999972e-01
3.794432999999999834e-01
4.777301999999999937e-01
5.721628000000000824e-01
6.569593000000000238e-01
7.301926999999999168e-01
7.802998000000000989e-01
8.381155999999998496e-01
8.766594999999999249e-01
9.614560999999999247e-01
