7.969456999999999236e-03
1.499325999999999957e-02
3.099518999999999885e-02
6.109528000000000181e-02
9.514860999999999458e-02
1.439648000000000039e-01
2.439690000000000192e-01
3.945050999999999974e-01
6.869229999999999503e-01
1.079398999999999997e+00
1.847583000000000197e+00
2.618644999999999889e+00
4.197115000000000151e+00
8.121297999999999462e+00
1.601323999999999970e+01
8.435078000000000367e-03
1.632460999999999982e-02
3.219273999999999747e-02
6.589952999999999783e-02
9.789267000000000107e-02
1.495181000000000149e-01
2.533132000000000161e-01
3.979881000000000113e-01
6.938425000000000287e-01
1.831154999999999866e+00
2.570049000000000028e+00
5.068029000000000117e+00
8.196809000000000012e+00
1.047827999999999954e-02
4.395099999999999701e-02
6.717546000000000628e-02
1.597640000000000171e-01
2.757842000000000349e-01
4.673179000000000083e-01
8.378846999999999268e-01
1.341291000000000011e+00
2.295071000000000083e+00
3.222072000000000269e+00
5.068437999999999555e+00
9.992323999999999984e+00
1.632263000000000019e+01
2.105896000000000157e-02
4.394743999999999734e-02
6.716595999999999678e-02
1.426790000000000003e-01
2.372260000000000202e-01
3.870430999999999733e-01
4.670442000000000204e-01
1.080119000000000051e+00
1.830192999999999959e+00
2.595465000000000355e+00
4.079463999999999757e+00
8.197305999999999315e+00
1.617389000000000010e+01
2.985244000000000092e-02
6.170197999999999655e-02
9.792828000000000643e-02
1.427019999999999955e-01
2.441070000000000184e-01
3.909655999999999687e-01
7.009450999999999876e-01
1.090977000000000086e+00
1.849450999999999734e+00
2.621134000000000075e+00
5.115770999999999624e+00
8.046807000000001153e+00
7.675013999999999968e-03
1.499749999999999868e-02
2.957264999999999894e-02
6.112121000000000220e-02
9.699085000000000345e-02
1.440870999999999957e-01
2.487781000000000020e-01
3.946247000000000504e-01
6.879509999999999792e-01
1.177004000000000161e+00
1.832599000000000089e+00
2.572646999999999906e+00
4.082597999999999949e+00
8.050874000000000308e+00
1.601907000000000281e+01
